     0/119     2.46G   0.04963   0.01954  0.001974   0.07114       136       640    0.6238    0.7394    0.7131    0.3141   0.06027   0.02479    0.0105
     1/119     11.4G    0.0309   0.01635   0.00136   0.04861       141       640    0.9208    0.7919    0.8579    0.4641   0.04676   0.02384   0.01145
     2/119     11.4G   0.02415    0.0151  0.001177   0.04043       148       640    0.8807    0.8271    0.8637    0.4616    0.0451   0.02455   0.01153
     3/119     11.4G   0.02387   0.01518  0.001056   0.04011       195       640    0.9105    0.8043     0.861    0.4711   0.04395   0.02513   0.01152
     4/119     11.6G   0.02359   0.01479  0.001012   0.03939       238       640    0.8978    0.8172    0.8669    0.4739   0.04377   0.02565   0.01133
     5/119     11.7G   0.02345   0.01541 0.0009755   0.03984       196       640    0.8908    0.8058    0.8573    0.4725   0.04422   0.02618    0.0117
     6/119     11.7G   0.02346   0.01513  0.001001   0.03959       188       640    0.8987     0.824    0.8624    0.4796   0.04322   0.02591   0.01161
     7/119       13G   0.02354   0.01494 0.0009246   0.03941       177       640    0.8702    0.8421    0.8568    0.4737   0.04365   0.02631   0.01096
     8/119     13.1G   0.02377   0.01545 0.0009798    0.0402       239       640    0.8997    0.8004    0.8585    0.4826   0.04324   0.02678   0.01155
     9/119     13.1G   0.02389   0.01534 0.0009072   0.04014       194       640    0.8794    0.8098    0.8538    0.4668   0.04435   0.02633   0.01227
    10/119     13.1G   0.02486    0.0158  0.001082   0.04174       194       640     0.848    0.8478    0.8624    0.4704   0.04513   0.02643   0.01146
    11/119     13.1G   0.02533   0.01622  0.001154    0.0427       198       640    0.8839    0.7944    0.8551    0.4676   0.04337   0.02633    0.0116
    12/119     13.1G   0.02689    0.0162  0.001104   0.04419       194       640    0.9114    0.7876    0.8501    0.4669    0.0449   0.02633   0.01162
    13/119     13.1G   0.02701   0.01653  0.001164    0.0447       221       640    0.8772    0.7915    0.8243    0.4636   0.04415   0.02633   0.01101
    14/119     13.1G   0.02711   0.01692  0.001248   0.04527       202       640    0.8935    0.8079    0.8442    0.4638   0.04364   0.02621   0.01121
    15/119     13.1G   0.02788   0.01706  0.001292   0.04624       141       640    0.8944      0.79     0.832    0.4313   0.04486   0.02686   0.01121
    16/119     13.1G   0.02765   0.01643  0.001418    0.0455       234       640    0.8524    0.8347    0.8403    0.4515   0.04429   0.02621    0.0114
    17/119     13.1G   0.02754   0.01747  0.001404   0.04641       162       640    0.8479    0.7992    0.8327    0.4441   0.04448     0.027   0.01192
    18/119     13.1G   0.02733   0.01713  0.001364   0.04582       195       640    0.8237    0.8251    0.8329     0.454   0.04436     0.027   0.01203
    19/119     13.1G   0.02726   0.01672  0.001331   0.04531       153       640    0.8991     0.791    0.8551    0.4511   0.04402   0.02759    0.0112
    20/119     13.1G   0.02706    0.0174  0.001327   0.04578       280       640    0.8701    0.7802    0.8283    0.4547   0.04429   0.02677   0.01185
    21/119     13.1G   0.02748    0.0169  0.001351   0.04573       217       640    0.8535    0.7994    0.8403    0.4595   0.04431   0.02653   0.01191
    22/119     13.1G    0.0276   0.01776  0.001387   0.04674       152       640    0.8944    0.7829    0.8604    0.4676    0.0447   0.02684   0.01157
    23/119     13.1G   0.02705   0.01648  0.001255   0.04478       208       640    0.8697    0.8253    0.8698    0.4781   0.04459    0.0268   0.01174
    24/119     13.1G   0.02685   0.01719  0.001335   0.04538       154       640    0.8664    0.8089    0.8431    0.4694    0.0442   0.02744   0.01134
    25/119     13.1G   0.02668   0.01678  0.001228   0.04469       206       640    0.8455     0.824     0.853    0.4573   0.04341   0.02745   0.01225
    26/119     13.1G   0.02643   0.01669  0.001322   0.04443       180       640    0.8858    0.7813    0.8491    0.4638   0.04388   0.02699   0.01205
    27/119     13.1G   0.02675   0.01728  0.001301   0.04533       172       640    0.8457    0.8167    0.8519    0.4569    0.0446   0.02729   0.01223
    28/119     13.1G   0.02703   0.01623  0.001325   0.04458       211       640     0.839     0.785    0.8185    0.4457    0.0438   0.02892   0.01209
    29/119     13.1G   0.02668   0.01695  0.001277   0.04491       240       640    0.8844    0.8092    0.8479    0.4534   0.04399   0.02757   0.01211
    30/119     13.1G   0.02659   0.01666  0.001329   0.04458       116       640    0.8852    0.8067    0.8539    0.4656   0.04326   0.02726   0.01143
    31/119     13.1G   0.02618   0.01702  0.001391    0.0446       205       640    0.8669    0.8174    0.8634    0.4588   0.04311   0.02697   0.01186
    32/119     13.1G   0.02641   0.01687  0.001259   0.04453       224       640    0.8594    0.8266    0.8413    0.4697   0.04339   0.02817   0.01177
    33/119     13.1G   0.02601   0.01668  0.001264   0.04396       186       640    0.8825    0.7797    0.8369    0.4576   0.04367   0.02847    0.0117
    34/119     13.1G   0.02571   0.01657  0.001106   0.04338       178       640     0.853    0.8408      0.85    0.4565   0.04359   0.02849   0.01161
    35/119     13.1G   0.02624   0.01672  0.001229    0.0442       211       640    0.8718    0.7957    0.8369    0.4602   0.04369    0.0291   0.01185
    36/119     13.1G   0.02604   0.01651  0.001201   0.04375       277       640    0.8475    0.8269    0.8502    0.4596   0.04348   0.02883   0.01152
    37/119     13.1G   0.02573   0.01577  0.001167   0.04266       244       640    0.8402    0.7921    0.8222    0.4489   0.04482   0.02913   0.01191
    38/119     13.1G   0.02582   0.01623  0.001255   0.04331       189       640    0.9087    0.8021    0.8728    0.4717   0.04515   0.02774   0.01187
    39/119     13.1G    0.0255   0.01648  0.001051   0.04304       153       640    0.9074    0.8025    0.8647    0.4605   0.04519   0.02843   0.01204
    40/119     13.1G   0.02524   0.01702  0.001204   0.04347       142       640    0.8919    0.8158    0.8622    0.4696   0.04426   0.02883   0.01194
    41/119     13.1G   0.02542    0.0162  0.001124   0.04275       242       640    0.8357    0.8341    0.8403    0.4561   0.04453    0.0286   0.01211
    42/119     13.1G    0.0249   0.01617  0.001082   0.04215       206       640    0.8999    0.8044    0.8524    0.4579   0.04346   0.02927   0.01187
    43/119     13.1G   0.02478    0.0164  0.001114   0.04229       106       640    0.8989      0.81     0.863     0.471    0.0453    0.0281   0.01174
    44/119     13.1G   0.02503    0.0166  0.001091   0.04273       259       640    0.9132    0.8009    0.8634     0.484   0.04467   0.02885   0.01228
    45/119     13.1G   0.02482   0.01556   0.00112    0.0415       172       640    0.9024    0.7913    0.8469    0.4621   0.04391   0.02917   0.01147
    46/119     13.1G    0.0248   0.01617  0.001152   0.04213       149       640     0.888     0.791    0.8392    0.4705   0.04394   0.02925   0.01194
    47/119     13.1G    0.0243    0.0158  0.001136   0.04124       115       640    0.8826    0.8108    0.8357    0.4488   0.04465   0.02884   0.01248
    48/119     13.1G   0.02429   0.01558 0.0009781   0.04085       188       640    0.8632    0.8103    0.8471    0.4734   0.04387   0.02876    0.0123
    49/119     13.1G   0.02446   0.01608 0.0009806   0.04152       201       640    0.8646    0.8065      0.84     0.469   0.04391   0.02967   0.01242
    50/119     13.1G   0.02461   0.01574  0.001055   0.04141       149       640    0.8854    0.8235    0.8507    0.4536   0.04404   0.03003   0.01177
    51/119     13.1G   0.02432   0.01555 0.0009287   0.04079       120       640    0.9237    0.8002     0.862    0.4699   0.04335   0.02932   0.01123
    52/119     13.1G   0.02447   0.01588  0.001016   0.04136       205       640    0.9103    0.7891     0.858    0.4648   0.04362   0.02946   0.01142
    53/119     13.1G   0.02437   0.01561 0.0009183    0.0409       178       640    0.8946    0.8214    0.8579    0.4716   0.04397   0.02918    0.0112
    54/119     13.1G   0.02383   0.01529 0.0009468   0.04006       224       640    0.8386    0.8302    0.8473    0.4498   0.04401   0.02931   0.01201
    55/119     13.1G   0.02391   0.01596   0.00106   0.04093       206       640    0.8869     0.822    0.8547    0.4639   0.04372   0.02915   0.01215
    56/119     13.1G   0.02424   0.01552  0.001006   0.04077       182       640    0.8949     0.786    0.8501    0.4542   0.04419   0.03025   0.01217
    57/119     15.4G   0.02335   0.01573 0.0009226      0.04       138       640    0.8686     0.814    0.8325    0.4585   0.04372   0.02994   0.01193
    58/119     15.4G   0.02373   0.01472 0.0009667   0.03942       220       640     0.854    0.8304    0.8449    0.4547    0.0442   0.02945   0.01241
    59/119     15.4G   0.02375   0.01581 0.0009302   0.04048       191       640    0.9092    0.7986    0.8461    0.4533   0.04468   0.02965   0.01156
    60/119     15.4G   0.02317   0.01519 0.0008542   0.03921       214       640    0.8753    0.8261    0.8554    0.4655   0.04488   0.02885   0.01215
    61/119     15.4G   0.02334   0.01501 0.0008306   0.03918       126       640    0.8969    0.8166    0.8532     0.465   0.04371   0.02987   0.01165
    62/119     15.4G   0.02302   0.01524 0.0008693   0.03913       248       640    0.8949    0.8105    0.8606    0.4682   0.04396   0.02931   0.01191
    63/119     15.4G    0.0232   0.01503 0.0009028   0.03913       205       640    0.8978    0.8127    0.8621    0.4717   0.04369   0.02951   0.01217
    64/119     15.4G   0.02275   0.01567 0.0008582   0.03928       319       640    0.9004    0.8177    0.8562     0.472   0.04395    0.0295   0.01194
    65/119     15.4G   0.02257   0.01478 0.0008672   0.03822       136       640    0.9082    0.8101    0.8504    0.4699   0.04317   0.03032   0.01204
    66/119     15.4G   0.02266   0.01569 0.0008752   0.03922       163       640    0.9234    0.8094    0.8622    0.4768   0.04357   0.03015   0.01165
    67/119     15.4G    0.0228   0.01517 0.0008784   0.03884       202       640    0.8748    0.8319    0.8521    0.4637    0.0449   0.03065   0.01211
    68/119     15.4G   0.02233   0.01504 0.0007384   0.03812       197       640    0.8956    0.8283    0.8588    0.4667   0.04425   0.03011   0.01213
    69/119     15.4G   0.02245    0.0154 0.0008449   0.03869       138       640    0.9068    0.8107    0.8577    0.4675   0.04439   0.03063   0.01178
    70/119     15.4G   0.02202   0.01542 0.0008853   0.03833       186       640    0.8696    0.8325    0.8565    0.4644   0.04398   0.03044   0.01172
    71/119     15.4G   0.02238   0.01527  0.000883   0.03853       171       640    0.9149    0.8145    0.8527    0.4745   0.04444   0.03054   0.01185
    72/119     15.4G   0.02247   0.01477 0.0009044   0.03814       155       640    0.8909    0.8329    0.8556    0.4705   0.04477   0.03024   0.01179
    73/119     15.4G   0.02222   0.01477   0.00087   0.03786       176       640    0.8956    0.8202    0.8494    0.4693    0.0442   0.03002   0.01185
    74/119     15.4G    0.0217   0.01471 0.0008165   0.03723       172       640    0.8975    0.8206    0.8438    0.4662   0.04363   0.03115   0.01167
    75/119     15.4G   0.02173   0.01443 0.0008371     0.037       224       640    0.8961    0.8282    0.8479    0.4607    0.0439   0.03019   0.01187
    76/119     15.4G   0.02141   0.01461 0.0008337   0.03686       149       640     0.909    0.8346    0.8593    0.4592   0.04393   0.03036   0.01176
    77/119     15.4G    0.0219    0.0142 0.0008272   0.03692       208       640    0.8874    0.8288    0.8468     0.461   0.04417   0.03079   0.01231
    78/119     15.4G   0.02149   0.01412 0.0008136   0.03642       133       640     0.902    0.8368    0.8578    0.4628   0.04408    0.0316   0.01233
    79/119     15.4G   0.02138   0.01411 0.0008072   0.03629       213       640    0.8831    0.8205    0.8457    0.4664   0.04375   0.03125   0.01229
    80/119     15.4G   0.02148   0.01435 0.0008002   0.03663       128       640    0.8887     0.832    0.8588    0.4665   0.04401   0.03146   0.01176
    81/119     15.4G   0.02138   0.01442 0.0007803   0.03659       216       640    0.8968    0.8264    0.8594    0.4748   0.04387   0.03069   0.01223
    82/119     15.4G   0.02146   0.01515  0.000781   0.03739       180       640    0.8974    0.8322    0.8622     0.469   0.04412   0.03079   0.01222
    83/119     15.4G   0.02087   0.01423 0.0007856   0.03588       254       640    0.9042    0.8274    0.8613    0.4703   0.04452   0.03094   0.01231
    84/119     15.4G   0.02113   0.01451 0.0007907   0.03643       140       640     0.895    0.8119    0.8517    0.4669   0.04423   0.03105   0.01251
    85/119     15.4G   0.02127   0.01431 0.0008309   0.03641       191       640    0.9119    0.7979    0.8493    0.4656   0.04412   0.03108   0.01223
    86/119     15.4G    0.0209   0.01387  0.000745   0.03551       188       640    0.8764    0.8207    0.8432    0.4703   0.04431   0.03069    0.0126
    87/119     15.4G   0.02078   0.01411 0.0007389   0.03562        97       640    0.8787    0.8192    0.8412     0.465   0.04413    0.0309   0.01235
    88/119     15.4G   0.02095   0.01474 0.0007673   0.03646       235       640    0.8944    0.8242    0.8459    0.4662   0.04465   0.03156   0.01297
    89/119     15.4G   0.02053   0.01413 0.0006889   0.03535       227       640    0.8953    0.8103    0.8438    0.4658   0.04419   0.03134   0.01274
    90/119     15.4G      0.02   0.01381  0.000643   0.03445        97       640    0.9072    0.8284    0.8529    0.4729   0.04476    0.0313   0.01294
    91/119     15.4G   0.02023    0.0132 0.0007925   0.03422       169       640    0.8966    0.8252     0.844    0.4743    0.0442     0.031   0.01248
    92/119     15.4G   0.02033   0.01365  0.000737   0.03472       202       640    0.8916    0.8238    0.8434    0.4668     0.045   0.03129   0.01235
    93/119     15.4G   0.02062    0.0135 0.0006796    0.0348       205       640    0.9005    0.8364    0.8501    0.4677   0.04484   0.03091    0.0124
    94/119     15.4G   0.02023   0.01358 0.0006889    0.0345       192       640    0.9055     0.827    0.8636    0.4704   0.04405   0.03126   0.01224
    95/119     15.4G    0.0202   0.01371 0.0006917    0.0346       144       640    0.8973    0.8199    0.8558    0.4705   0.04391    0.0311   0.01243
    96/119     15.4G   0.02041   0.01389 0.0007913   0.03509       148       640    0.9104    0.8133    0.8521    0.4709   0.04372   0.03174    0.0123
    97/119     15.4G   0.02033   0.01407  0.000761   0.03516       211       640    0.9006    0.8139     0.853    0.4708   0.04411   0.03174   0.01265
    98/119     15.4G   0.01993   0.01367 0.0006602   0.03426       151       640    0.9037    0.8145    0.8506    0.4713   0.04358   0.03187   0.01231
    99/119     15.4G   0.01971   0.01369 0.0006562   0.03405       193       640    0.9178    0.8038    0.8536    0.4659   0.04379   0.03214   0.01237
   100/119     15.4G   0.02024   0.01394 0.0008127     0.035       157       640    0.8944     0.828    0.8554    0.4697   0.04389   0.03161   0.01262
   101/119     15.4G   0.01996   0.01371 0.0007556   0.03442       112       640    0.9127    0.8334     0.862    0.4678    0.0446   0.03188   0.01249
   102/119     15.4G   0.02011   0.01409 0.0007316   0.03493       227       640    0.8789    0.8472    0.8554    0.4721   0.04378   0.03202   0.01227
   103/119     15.4G   0.01955   0.01358 0.0006391   0.03377       206       640    0.9025    0.8126    0.8495     0.466   0.04385   0.03203   0.01259
   104/119     15.4G   0.01988    0.0134 0.0006906   0.03397       180       640    0.9015    0.8109     0.848    0.4649   0.04376   0.03226   0.01258
   105/119     15.4G   0.01919   0.01348 0.0006055   0.03327       206       640    0.9004    0.8021    0.8473    0.4669   0.04393   0.03204   0.01288
   106/119     15.4G   0.01968   0.01361 0.0006737   0.03397       313       640    0.9082    0.8061    0.8495    0.4691   0.04404   0.03182   0.01251
   107/119     15.4G   0.01904   0.01308 0.0006389   0.03276       231       640     0.894    0.8088    0.8458    0.4669    0.0444   0.03208   0.01272
   108/119     15.4G   0.01962   0.01335 0.0006759   0.03365       153       640    0.8861    0.8208    0.8397    0.4622   0.04416   0.03225   0.01272
   109/119     15.4G   0.01947   0.01354 0.0006689   0.03368       178       640    0.9098    0.8107    0.8455    0.4619   0.04432   0.03208   0.01268
   110/119     15.4G   0.01938   0.01349 0.0006508   0.03352       258       640     0.899    0.8066    0.8485    0.4607    0.0441   0.03227   0.01276
   111/119     15.4G   0.01943   0.01394  0.000681   0.03405       109       640    0.9076    0.8129    0.8499    0.4634    0.0441   0.03221   0.01276
   112/119     15.4G   0.01923   0.01319 0.0006892   0.03311       230       640    0.9162    0.8036    0.8446    0.4583   0.04436   0.03221     0.013
   113/119     15.4G   0.01902   0.01286 0.0006639   0.03254       197       640    0.8977    0.8145     0.848    0.4651   0.04431    0.0321   0.01321
   114/119     15.4G   0.01928   0.01387 0.0006811   0.03382       143       640     0.894    0.8246    0.8472    0.4688   0.04426   0.03194   0.01275
   115/119     15.4G   0.01881   0.01317 0.0006543   0.03263       240       640    0.8996    0.8175    0.8485    0.4653   0.04409   0.03221   0.01279
   116/119     15.4G   0.01959   0.01382 0.0007128   0.03412       224       640    0.9062    0.8056    0.8487    0.4686    0.0439   0.03219   0.01281
   117/119     15.4G   0.01878   0.01312 0.0006203   0.03252       237       640    0.9236    0.8099     0.858    0.4663    0.0444   0.03196   0.01297
   118/119     15.4G   0.01916    0.0136 0.0006753   0.03343       191       640    0.9151    0.8168    0.8536    0.4656   0.04412   0.03204   0.01298
   119/119     15.4G   0.01924   0.01332 0.0006708   0.03323       261       640    0.9085    0.8146    0.8462    0.4645   0.04418   0.03225    0.0129
