     0/119     2.52G   0.05229   0.02134  0.004158   0.07779       262       640    0.8212    0.7403    0.8116    0.3695   0.05511    0.0241   0.01095
     1/119     11.6G   0.02802   0.01686  0.001345   0.04622       297       640    0.9074    0.8076    0.8662    0.4582   0.04541   0.02414    0.0119
     2/119     11.6G   0.02405   0.01559  0.001102   0.04074       202       640    0.9036    0.8238    0.8711    0.4738   0.04424   0.02479   0.01178
     3/119     11.6G   0.02371   0.01525  0.001036      0.04       254       640    0.8949    0.8252    0.8644      0.47    0.0436    0.0255   0.01192
     4/119     11.7G   0.02336   0.01509  0.001029   0.03947       178       640    0.8769    0.8397    0.8664    0.4692   0.04367   0.02607   0.01193
     5/119     11.7G   0.02348   0.01609 0.0009571   0.04053       218       640    0.8994    0.8059    0.8657    0.4772    0.0437   0.02624    0.0118
     6/119     11.9G   0.02339   0.01463 0.0009325   0.03894       241       640    0.8858     0.812     0.861    0.4585   0.04372   0.02663   0.01187
     7/119       12G    0.0239   0.01506 0.0009698   0.03993       198       640       0.9    0.8159    0.8632    0.4706   0.04391   0.02663   0.01236
     8/119       12G   0.02412   0.01516  0.001008   0.04029       215       640    0.8697    0.8107     0.847     0.465   0.04377   0.02659   0.01224
     9/119       12G   0.02473   0.01565  0.001073   0.04146       255       640    0.8793    0.8424    0.8777    0.4529   0.04443   0.02693   0.01208
    10/119       12G   0.02471   0.01589   0.00104   0.04164       185       640    0.8673    0.7958    0.8444    0.4482   0.04417   0.02738   0.01202
    11/119       12G   0.02559   0.01541  0.001065   0.04206       115       640    0.9005    0.7958    0.8591    0.4612   0.04468   0.02715   0.01227
    12/119     13.4G   0.02709   0.01613  0.001076    0.0443       179       640    0.8803    0.8064    0.8546    0.4555   0.04364   0.02724   0.01153
    13/119     13.4G   0.02756   0.01592   0.00116   0.04464       138       640    0.8933    0.7943    0.8495    0.4479   0.04554   0.02668   0.01152
    14/119     13.4G   0.02792   0.01622  0.001244   0.04539       139       640    0.8782    0.8059    0.8567    0.4708   0.04437   0.02645   0.01131
    15/119     13.4G   0.02809   0.01676  0.001394   0.04624       159       640    0.8522    0.8182    0.8578    0.4463    0.0449   0.02734   0.01208
    16/119     13.4G   0.02795   0.01735  0.001481   0.04679       250       640    0.8973    0.8073    0.8473    0.4513   0.04497   0.02688   0.01236
    17/119     13.4G   0.02786   0.01686  0.001429   0.04615       197       640    0.8575    0.8292    0.8487    0.4592   0.04446   0.02683   0.01151
    18/119     13.4G   0.02773    0.0177  0.001509   0.04694       266       640    0.8535    0.8097    0.8329    0.4375   0.04479   0.02686   0.01148
    19/119     13.4G   0.02739    0.0177  0.001382   0.04648       162       640    0.8377    0.8129    0.8436    0.4458   0.04457   0.02719   0.01129
    20/119     13.4G   0.02777   0.01685  0.001307   0.04593       143       640    0.8626    0.7816    0.8311    0.4454   0.04471   0.02742   0.01191
    21/119     13.4G   0.02759   0.01692  0.001441   0.04595       234       640    0.8687    0.8088    0.8456    0.4543   0.04503   0.02708    0.0124
    22/119     13.4G   0.02772   0.01716  0.001438   0.04632       195       640     0.874    0.7706    0.8351    0.4533   0.04408   0.02728   0.01229
    23/119     13.4G   0.02764   0.01655  0.001342   0.04553       220       640    0.8521    0.8016    0.8313    0.4369   0.04501   0.02776   0.01208
    24/119     11.9G   0.02696   0.01686  0.001312   0.04512       213       640    0.8619    0.8072    0.8433    0.4477   0.04332   0.02779   0.01165
    25/119       12G   0.02719   0.01713  0.001163   0.04549       172       640    0.8722     0.794    0.8456    0.4568   0.04379   0.02799   0.01199
    26/119       12G    0.0265    0.0168  0.001196    0.0445       159       640    0.8635    0.8042     0.845     0.455   0.04386   0.02776   0.01217
    27/119       12G   0.02681   0.01726  0.001335    0.0454       228       640    0.8661    0.8159    0.8527     0.453   0.04347   0.02789   0.01261
    28/119       12G   0.02725    0.0171  0.001264   0.04561       137       640    0.8491    0.8276     0.854    0.4543   0.04447   0.02816    0.0125
    29/119       12G   0.02684   0.01702    0.0013   0.04517       150       640    0.8736    0.8238    0.8644    0.4605   0.04316   0.02796   0.01122
    30/119       12G   0.02697   0.01739  0.001311   0.04567       159       640    0.8705    0.8047    0.8599    0.4601   0.04358   0.02765   0.01144
    31/119       12G   0.02656   0.01627  0.001157   0.04399       210       640    0.8489     0.834     0.846    0.4562   0.04373   0.02759   0.01182
    32/119       12G   0.02692   0.01743  0.001328   0.04567       181       640    0.8777    0.8072    0.8582    0.4579    0.0449   0.02653   0.01225
    33/119       12G   0.02665   0.01587  0.001269   0.04379       144       640    0.8655    0.8081    0.8485    0.4529   0.04436   0.02777   0.01284
    34/119       12G   0.02632   0.01706  0.001221    0.0446       257       640    0.9074    0.8164    0.8544    0.4624   0.04439   0.02753   0.01145
    35/119       12G   0.02628   0.01663  0.001186    0.0441       243       640    0.8508    0.8259    0.8494    0.4594   0.04474   0.02789    0.0122
    36/119       12G    0.0263   0.01663  0.001255   0.04418       208       640    0.8896    0.8242    0.8639    0.4723   0.04399    0.0288   0.01114
    37/119       12G   0.02601   0.01624  0.001209   0.04346       138       640    0.8871    0.8017    0.8423    0.4566   0.04545    0.0288   0.01216
    38/119       12G   0.02575   0.01596  0.001174   0.04288       242       640    0.8916    0.8151    0.8556    0.4639   0.04471   0.02808    0.0131
    39/119       12G    0.0259   0.01632  0.001194   0.04341       178       640    0.8981    0.8041    0.8638     0.473   0.04364   0.02792   0.01256
    40/119       12G    0.0254   0.01649  0.001113     0.043       175       640    0.9051    0.8214    0.8827    0.4831   0.04381   0.02794   0.01207
    41/119       12G   0.02537   0.01584  0.001057   0.04227       198       640    0.8754     0.815    0.8514    0.4584   0.04419   0.02911    0.0125
    42/119       12G   0.02555   0.01653  0.001189   0.04326       231       640    0.8703    0.8305      0.85    0.4637   0.04481   0.02865    0.0121
    43/119       12G   0.02498   0.01595  0.001193   0.04213       216       640    0.8629    0.8147    0.8455    0.4498   0.04598   0.02851   0.01281
    44/119     13.4G   0.02521   0.01585   0.00109   0.04215       204       640    0.8791    0.8182    0.8538    0.4697   0.04341   0.02806   0.01247
    45/119     13.4G   0.02507   0.01674  0.001095    0.0429       277       640    0.8867    0.8129    0.8528     0.477   0.04481   0.02848   0.01293
    46/119     13.4G   0.02525   0.01663  0.001073   0.04295       214       640    0.8658    0.8206    0.8495    0.4582   0.04457   0.02854    0.0132
    47/119     13.4G   0.02516   0.01591  0.001069   0.04213       172       640    0.8796    0.8134    0.8488    0.4659   0.04476   0.02845   0.01298
    48/119     13.4G   0.02491   0.01614  0.001057    0.0421       133       640    0.8805    0.8239    0.8543    0.4559   0.04465    0.0292   0.01276
    49/119     13.4G   0.02458   0.01615  0.001052   0.04179       205       640    0.8656    0.8327    0.8544    0.4569   0.04485    0.0287   0.01261
    50/119     13.4G   0.02423   0.01559 0.0009533   0.04077       220       640     0.864     0.827    0.8403    0.4515   0.04454   0.02991   0.01259
    51/119     13.4G   0.02417   0.01607 0.0009832   0.04122       190       640    0.9163    0.7758    0.8429     0.455    0.0446   0.02899   0.01204
    52/119     13.4G   0.02365   0.01574 0.0009029   0.04029       200       640    0.8611    0.8393    0.8457     0.456   0.04438   0.02996   0.01199
    53/119     13.4G   0.02403   0.01553 0.0009245   0.04048       146       640    0.8461    0.8305    0.8421    0.4517   0.04407   0.02936   0.01293
    54/119     13.4G   0.02419   0.01569  0.001082   0.04097       255       640    0.8359     0.853    0.8608    0.4577   0.04319   0.02909   0.01217
    55/119     13.4G   0.02377   0.01589 0.0009674   0.04063       252       640    0.8969    0.8143    0.8586    0.4684   0.04402   0.02928   0.01174
    56/119     13.4G   0.02397   0.01519  0.001074   0.04023       188       640     0.876    0.8255    0.8545    0.4654   0.04343   0.02974   0.01205
    57/119     13.4G   0.02435   0.01576  0.001034   0.04115       293       640    0.9012     0.777     0.853    0.4502   0.04463   0.03067   0.01229
    58/119     13.4G   0.02355   0.01545   0.00104   0.04004       143       640    0.8844    0.8121    0.8457    0.4518   0.04429    0.0294   0.01277
    59/119     13.4G   0.02336   0.01532 0.0009235    0.0396       158       640    0.8574    0.8149    0.8443    0.4614    0.0444   0.02965   0.01264
    60/119     13.4G    0.0233   0.01461 0.0009125   0.03882       184       640    0.8362    0.8032    0.8293    0.4485   0.04433   0.03084   0.01247
    61/119     13.4G   0.02362   0.01542 0.0009019   0.03995       275       640    0.8506     0.816    0.8394    0.4668    0.0435   0.03083   0.01212
    62/119     13.4G   0.02331   0.01486 0.0008553   0.03903       214       640    0.8695    0.8146      0.84    0.4546   0.04378   0.03123   0.01243
    63/119     13.4G   0.02349   0.01487 0.0008827   0.03924       214       640    0.9075    0.8009    0.8506    0.4667   0.04393   0.03005   0.01274
    64/119     13.4G   0.02325   0.01574 0.0008809   0.03986       169       640    0.9098    0.8124    0.8683    0.4656   0.04416   0.03015   0.01277
    65/119     13.4G   0.02322   0.01489 0.0009238   0.03904       176       640    0.9129    0.8117    0.8669    0.4703   0.04462   0.02968   0.01262
    66/119     13.4G   0.02315   0.01563 0.0009483   0.03972       107       640    0.9148    0.8148    0.8694    0.4725   0.04461   0.02995   0.01291
    67/119     13.4G   0.02262   0.01568 0.0008378   0.03914       230       640    0.8659    0.8172    0.8458    0.4732   0.04449   0.02986   0.01243
    68/119     13.4G   0.02259   0.01522 0.0008605   0.03867       196       640     0.862    0.8241     0.848    0.4742   0.04481   0.03013   0.01256
    69/119     13.4G   0.02245   0.01525 0.0009095   0.03861       207       640    0.8639    0.8169    0.8551    0.4737   0.04377   0.03028   0.01242
    70/119     13.4G   0.02254   0.01534 0.0008199    0.0387       127       640    0.8991    0.8112    0.8661    0.4646   0.04386   0.03059   0.01276
    71/119     13.4G   0.02219   0.01496 0.0007888   0.03794       150       640    0.8921     0.808    0.8483    0.4656   0.04391   0.03096   0.01301
    72/119     13.4G   0.02281   0.01513 0.0009112   0.03885       221       640    0.8414    0.8445     0.861    0.4666   0.04352   0.03124    0.0129
    73/119     13.4G    0.0223   0.01555  0.000862   0.03871       159       640    0.8972    0.7984    0.8487    0.4679   0.04344   0.03121   0.01253
    74/119     13.4G   0.02216   0.01494 0.0008472   0.03794       183       640    0.8413    0.8545    0.8605    0.4696   0.04318   0.03138   0.01274
    75/119     13.4G   0.02203   0.01415 0.0007678   0.03696       250       640    0.8885    0.8191     0.854    0.4683   0.04366   0.03122    0.0124
    76/119     13.4G   0.02191   0.01446 0.0008481   0.03722       181       640     0.877     0.815    0.8556    0.4711   0.04344   0.03123   0.01225
    77/119     13.4G   0.02162    0.0149 0.0008064   0.03733       214       640    0.8974    0.8066    0.8491    0.4763   0.04294   0.03177   0.01267
    78/119     13.4G   0.02212    0.0148 0.0007893   0.03771       182       640    0.8523    0.8197    0.8381    0.4635   0.04319   0.03135   0.01265
    79/119     13.4G   0.02131   0.01428 0.0008264   0.03642       212       640    0.8679    0.8348    0.8507    0.4707   0.04297   0.03204   0.01251
    80/119     13.4G   0.02204   0.01473 0.0008182   0.03758       169       640    0.8979    0.8233    0.8628    0.4691   0.04288   0.03168   0.01242
    81/119     13.4G   0.02146   0.01409 0.0007663   0.03632       164       640    0.8642    0.8129     0.837    0.4733    0.0435   0.03183   0.01239
    82/119     13.4G   0.02114   0.01393 0.0007257   0.03579       233       640    0.8708    0.8393     0.856    0.4753    0.0435   0.03066    0.0131
    83/119     13.4G   0.02157   0.01522 0.0007632   0.03755       204       640    0.8837    0.8203    0.8635    0.4689    0.0438   0.03086    0.0138
    84/119     13.4G   0.02146   0.01392 0.0007261   0.03611       169       640    0.9128    0.8092    0.8731    0.4674   0.04361   0.03124   0.01359
    85/119     13.4G   0.02088   0.01416 0.0007528    0.0358       122       640    0.8886    0.8054    0.8523    0.4626   0.04376   0.03182   0.01343
    86/119     13.4G   0.02081    0.0143  0.000718   0.03583       161       640    0.8754    0.8294    0.8483    0.4655   0.04402   0.03153   0.01339
    87/119     13.4G   0.02113   0.01415 0.0007779   0.03606       248       640     0.895    0.8322    0.8625    0.4638   0.04414    0.0318   0.01324
    88/119     13.4G   0.02116   0.01435 0.0006889    0.0362       251       640     0.911    0.8012    0.8561    0.4659   0.04374   0.03217   0.01315
    89/119     13.4G    0.0209   0.01438 0.0007894   0.03607       228       640    0.8953    0.8066    0.8506    0.4657   0.04347   0.03265    0.0131
    90/119     13.4G   0.02079    0.0144 0.0007233   0.03591       155       640    0.8911    0.8275     0.864    0.4672   0.04334   0.03222   0.01301
    91/119     13.4G   0.02088   0.01431 0.0007715   0.03596       266       640    0.8971    0.8284     0.862    0.4719   0.04317   0.03183   0.01329
    92/119     13.4G   0.02047   0.01408 0.0007381   0.03528       211       640    0.8903    0.8254     0.852    0.4679   0.04359   0.03258   0.01338
    93/119     13.4G   0.02021   0.01407 0.0007561   0.03504       187       640    0.9042    0.8169    0.8553    0.4594   0.04386   0.03273   0.01296
    94/119     13.4G   0.02055   0.01351 0.0007071   0.03477       175       640    0.8665    0.8199    0.8444    0.4633   0.04335   0.03285   0.01293
    95/119     13.4G    0.0202   0.01347 0.0006987   0.03437       144       640    0.8569    0.8479    0.8547      0.47   0.04335   0.03241   0.01272
    96/119     13.4G   0.02014   0.01368 0.0006506   0.03447       110       640    0.8683    0.8443    0.8522    0.4672   0.04398   0.03279   0.01275
    97/119     13.4G   0.01992   0.01363 0.0006542   0.03421       151       640    0.8976    0.8044    0.8468    0.4646    0.0438   0.03239   0.01285
    98/119     13.4G   0.02023   0.01378 0.0007096   0.03472       205       640    0.8775    0.8191    0.8482    0.4667   0.04342   0.03242   0.01269
    99/119     13.4G   0.01968     0.014 0.0006403   0.03432       140       640    0.8577    0.8249    0.8537    0.4692   0.04314   0.03252    0.0127
   100/119     13.4G   0.01996   0.01391  0.000656   0.03453       218       640    0.8644    0.8273    0.8503    0.4669   0.04337    0.0324    0.0128
   101/119     13.4G   0.01989   0.01415 0.0006675    0.0347       317       640    0.8695    0.8218    0.8447    0.4696   0.04343   0.03272   0.01289
   102/119     13.4G   0.01951   0.01381 0.0005848   0.03391       176       640    0.8844    0.8185    0.8453     0.462   0.04405   0.03307   0.01272
   103/119     13.4G   0.01994   0.01309 0.0007586   0.03379       155       640    0.8739    0.8342    0.8477     0.467   0.04367   0.03229   0.01298
   104/119     13.4G   0.01981    0.0136  0.000748   0.03416       206       640    0.8856    0.8281    0.8585    0.4721   0.04378   0.03233   0.01314
   105/119     13.4G   0.01943   0.01394 0.0006637   0.03404       201       640    0.8879    0.8293    0.8541    0.4691   0.04368   0.03275   0.01305
   106/119     13.4G   0.02019   0.01398 0.0006596   0.03483       151       640    0.8824    0.8113    0.8502    0.4693    0.0431   0.03243   0.01299
   107/119     13.4G   0.01984   0.01333 0.0006869   0.03386       122       640     0.855    0.8372    0.8548     0.471   0.04345   0.03253   0.01313
   108/119     13.4G   0.01936   0.01388 0.0006119   0.03385       161       640    0.8848     0.817    0.8553     0.474   0.04326   0.03253   0.01332
   109/119     13.4G   0.01941   0.01304 0.0005979   0.03305       152       640    0.8702    0.8434    0.8574    0.4702   0.04352   0.03312   0.01367
   110/119     13.4G   0.01915    0.0133 0.0006259   0.03308       164       640    0.9086    0.8171     0.858    0.4721   0.04346   0.03274   0.01344
   111/119     13.4G    0.0196   0.01369 0.0006457   0.03394       176       640    0.9071    0.8224    0.8623    0.4739   0.04326   0.03309   0.01343
   112/119     13.4G   0.01938   0.01348 0.0006778   0.03353       225       640    0.8711    0.8397    0.8554    0.4706   0.04305   0.03303   0.01327
   113/119     13.4G   0.01908   0.01344 0.0006465   0.03317       160       640    0.8825    0.8276    0.8559    0.4703   0.04323   0.03296   0.01345
   114/119     13.4G   0.01912   0.01315  0.000635   0.03291       135       640    0.8941    0.8271    0.8563    0.4746   0.04309   0.03299    0.0136
   115/119     13.4G   0.01934   0.01412 0.0006308   0.03409       204       640    0.9016    0.8143    0.8566    0.4646   0.04351   0.03309   0.01359
   116/119     13.4G   0.01936   0.01312 0.0007051   0.03318       141       640    0.8814    0.8371    0.8574    0.4693   0.04329   0.03297   0.01379
   117/119     13.4G   0.01927    0.0134 0.0006997   0.03337       132       640    0.8813    0.8421    0.8581    0.4733   0.04331   0.03274   0.01369
   118/119     13.4G   0.01912   0.01337 0.0005673   0.03306       201       640    0.8742    0.8398    0.8581    0.4769   0.04326   0.03271   0.01359
   119/119     13.4G   0.01913   0.01324  0.000666   0.03303       194       640    0.8819    0.8246     0.857    0.4697   0.04337   0.03285   0.01363
