     0/119     2.97G   0.07397   0.02499   0.01965    0.1186       242       640    0.2884    0.1794   0.06849   0.01202   0.09547   0.02736   0.01938
     1/119     12.3G   0.05705   0.02306  0.006018   0.08614       143       640    0.7727    0.5393    0.6657    0.2667   0.06982   0.02466   0.01531
     2/119     12.3G   0.03561   0.01992    0.0019   0.05743       162       640    0.8568    0.8074    0.8414     0.421    0.0567   0.02145   0.01429
     3/119     12.3G   0.02891   0.01735  0.001229   0.04749       235       640    0.8842    0.8236    0.8557    0.4448   0.05106   0.02167   0.01407
     4/119     13.8G   0.02673   0.01697  0.001084   0.04479       191       640    0.8882    0.8147    0.8583    0.4545   0.04841   0.02251   0.01431
     5/119     13.8G   0.02587   0.01612  0.001032   0.04302       183       640    0.9002    0.8226    0.8622    0.4547   0.04701   0.02323   0.01319
     6/119     13.8G    0.0254   0.01551  0.001013   0.04192       235       640    0.8902    0.8072    0.8451    0.4451   0.04656   0.02428   0.01365
     7/119     13.8G   0.02669   0.01645  0.001049    0.0442       192       640    0.9011    0.8112    0.8626    0.4667   0.04579   0.02501     0.013
     8/119     13.8G   0.02758   0.01607  0.001026   0.04468       202       640    0.9023    0.8146    0.8564     0.422   0.04731   0.02554   0.01267
     9/119     13.8G   0.02728   0.01631  0.001171   0.04475       155       640    0.9007    0.8129    0.8523    0.4485   0.04637   0.02555   0.01236
    10/119     13.8G   0.02739   0.01597  0.001164   0.04452       245       640    0.8995    0.7913    0.8418    0.4273    0.0471   0.02611   0.01288
    11/119     13.9G   0.02658     0.016  0.001072   0.04365       225       640    0.8678    0.8061    0.8305    0.4382   0.04495   0.02619   0.01231
    12/119     13.9G   0.02857   0.01689  0.001113   0.04657       178       640    0.8603    0.7983    0.8366     0.428   0.04563   0.02645   0.01255
    13/119     13.9G   0.02983   0.01658  0.001257   0.04767       171       640    0.8745    0.8212     0.856    0.4315   0.04594   0.02568   0.01197
    14/119     13.9G   0.02902   0.01626    0.0014   0.04668       264       640    0.8449    0.8232    0.8481     0.441   0.04618   0.02639   0.01167
    15/119     13.9G   0.02892   0.01698  0.001493    0.0474       144       640    0.8562    0.8061    0.8352    0.4355   0.04472   0.02703   0.01268
    16/119     13.9G   0.02902   0.01662  0.001677   0.04731       151       640    0.8792     0.805    0.8452    0.4442   0.04465   0.02687   0.01213
    17/119     13.9G   0.02903    0.0177  0.001501   0.04823       206       640    0.8615    0.8313     0.859    0.4476   0.04548   0.02675   0.01187
    18/119     13.9G   0.02892   0.01756  0.001471   0.04795       215       640    0.8891    0.8099    0.8554    0.4567   0.04503   0.02669   0.01152
    19/119     13.9G   0.02849    0.0174  0.001503   0.04739       209       640    0.9042    0.7693     0.842    0.4405   0.04506    0.0275   0.01156
    20/119     13.9G   0.02869   0.01734  0.001595   0.04763       191       640    0.8417    0.7864     0.832    0.4408   0.04541   0.02754   0.01225
    21/119     13.9G    0.0283   0.01716  0.001381   0.04683       145       640    0.8351    0.8145    0.8334    0.4457   0.04414   0.02783   0.01265
    22/119     13.9G   0.02821   0.01675  0.001423   0.04639       184       640    0.8859    0.8203    0.8669    0.4679   0.04573   0.02698   0.01194
    23/119     13.9G   0.02747   0.01704  0.001346   0.04586       139       640    0.8623    0.8009    0.8417    0.4456   0.04533   0.02769   0.01254
    24/119     13.9G   0.02775   0.01688  0.001372     0.046       226       640    0.8633    0.8144    0.8523    0.4567   0.04393   0.02789   0.01205
    25/119     13.9G   0.02749   0.01704  0.001363   0.04589       197       640     0.897    0.7891    0.8604     0.458   0.04468   0.02792   0.01177
    26/119     13.9G   0.02717   0.01654  0.001263   0.04497       209       640    0.8902     0.806    0.8579    0.4777    0.0437   0.02822   0.01195
    27/119     13.9G   0.02692   0.01658  0.001344   0.04485       232       640    0.8453    0.8235    0.8547     0.456   0.04461   0.02836   0.01213
    28/119     13.9G   0.02729    0.0172  0.001341   0.04583       132       640    0.8702    0.7859     0.823    0.4379   0.04444   0.02958   0.01233
    29/119     13.9G   0.02717   0.01758  0.001244   0.04599       195       640    0.8348    0.8064    0.8277    0.4528    0.0448     0.028   0.01326
    30/119     13.9G   0.02693   0.01697  0.001278   0.04518       157       640    0.8675    0.8019    0.8347    0.4659   0.04462   0.02814   0.01304
    31/119     13.9G   0.02698   0.01645    0.0012   0.04463       214       640    0.8815     0.784    0.8501    0.4741   0.04471   0.02852   0.01238
    32/119     13.9G    0.0265   0.01716  0.001207   0.04487       168       640    0.8456    0.8031    0.8395    0.4386   0.04499   0.02843   0.01281
    33/119     13.9G   0.02608   0.01652  0.001106    0.0437       213       640    0.8598     0.756    0.8234    0.4432   0.04504   0.02955   0.01327
    34/119     13.9G   0.02661   0.01676  0.001196   0.04456       245       640    0.8782    0.7933    0.8382    0.4607   0.04373   0.02856   0.01262
    35/119     13.9G   0.02677   0.01732  0.001261   0.04535       139       640    0.8595    0.8261     0.858    0.4785   0.04331   0.02801   0.01282
    36/119     13.9G   0.02647   0.01678  0.001239   0.04449       129       640    0.8764    0.8059    0.8604    0.4603   0.04398     0.029   0.01243
    37/119     13.9G   0.02584   0.01575  0.001149   0.04274       150       640    0.8032    0.8345    0.8327    0.4537   0.04385     0.029   0.01309
    38/119     13.9G    0.0257   0.01666  0.001054   0.04341       171       640    0.8601    0.8116    0.8427    0.4676   0.04422   0.02884    0.0125
    39/119     13.9G   0.02614   0.01603  0.001138   0.04331       264       640    0.8743     0.821    0.8566    0.4772   0.04477   0.02948   0.01218
    40/119     13.9G    0.0257   0.01642  0.001054   0.04318       199       640    0.8804    0.8048    0.8425    0.4624   0.04437   0.02947   0.01263
    41/119     13.9G   0.02542   0.01637  0.001066   0.04286       177       640     0.867    0.8214    0.8434    0.4602   0.04415   0.02978    0.0125
    42/119     13.9G   0.02564   0.01637  0.001062   0.04307       269       640    0.8743    0.7889    0.8346    0.4654   0.04357   0.02989   0.01214
    43/119     13.9G   0.02524   0.01639  0.001156   0.04279       196       640     0.888    0.8196    0.8664     0.464   0.04403   0.02957   0.01223
    44/119     13.9G   0.02549   0.01702  0.001177   0.04368       215       640    0.8836    0.8206    0.8487    0.4686   0.04334   0.03046   0.01279
    45/119     13.9G    0.0253   0.01562  0.001142   0.04207       222       640    0.8641     0.827    0.8523    0.4601   0.04328   0.03044   0.01161
    46/119     13.9G   0.02541   0.01673  0.001172   0.04331       259       640    0.8715    0.8192    0.8577    0.4685   0.04369    0.0286   0.01236
    47/119     13.9G   0.02508    0.0161  0.001085   0.04226       131       640    0.8944    0.8099    0.8365    0.4658   0.04416   0.02959   0.01274
    48/119     13.9G   0.02513   0.01603  0.001053   0.04222       235       640    0.8901    0.8003    0.8464    0.4705   0.04393    0.0298   0.01231
    49/119     13.9G   0.02479   0.01573 0.0009323   0.04145       118       640    0.8695    0.7925    0.8388    0.4491   0.04437   0.03097    0.0122
    50/119     13.9G   0.02463   0.01589 0.0009888   0.04151       128       640    0.8917    0.7878     0.842    0.4614   0.04367    0.0311   0.01218
    51/119     13.9G   0.02462   0.01553  0.001021   0.04117       216       640    0.8972    0.7719      0.85     0.465   0.04342   0.02994    0.0124
    52/119     13.9G   0.02451   0.01621 0.0009929   0.04172       176       640    0.8607    0.8244    0.8474    0.4744   0.04335   0.03033   0.01199
    53/119     13.9G   0.02462   0.01535  0.001074   0.04104       176       640    0.8643    0.8098    0.8495    0.4556   0.04434   0.03027   0.01272
    54/119     13.9G   0.02433   0.01557  0.001068   0.04097       181       640    0.9182    0.7841    0.8465     0.457   0.04448    0.0303   0.01214
    55/119     13.9G    0.0237   0.01543 0.0009684    0.0401       209       640     0.919    0.7503    0.8371    0.4583   0.04359   0.03136   0.01238
    56/119     13.9G   0.02437    0.0161 0.0009615   0.04143       200       640    0.8678     0.791    0.8373    0.4595    0.0441   0.03169   0.01296
    57/119     13.9G    0.0238    0.0156 0.0009642   0.04036       201       640    0.9139    0.8012    0.8691    0.4567    0.0432   0.03183   0.01237
    58/119     13.9G   0.02364   0.01542 0.0008525   0.03991       193       640    0.8928    0.7732    0.8418    0.4633   0.04395   0.03222   0.01288
    59/119     13.9G    0.0233    0.0152 0.0008208   0.03932       116       640    0.8722    0.8132    0.8625    0.4562    0.0449   0.03187   0.01303
    60/119     13.9G   0.02357   0.01542 0.0009383   0.03993       221       640    0.9034    0.7629    0.8298    0.4579    0.0441   0.03238   0.01258
    61/119     13.9G    0.0232     0.015 0.0009309   0.03913       198       640    0.8585    0.7973    0.8408     0.464   0.04354   0.03258   0.01285
    62/119     13.9G   0.02301   0.01494  0.000887   0.03884       187       640    0.8684    0.7998    0.8334    0.4471   0.04367   0.03265   0.01319
    63/119     13.9G   0.02307   0.01495 0.0009018   0.03892       116       640    0.8519    0.8156    0.8463    0.4554   0.04438   0.03224   0.01281
    64/119     13.9G     0.023   0.01559 0.0008157   0.03941       242       640    0.8597     0.841    0.8632    0.4729   0.04413   0.03251   0.01214
    65/119     13.9G     0.023   0.01471  0.000849   0.03857       218       640     0.864    0.8146    0.8539    0.4669   0.04379   0.03229   0.01194
    66/119     13.9G   0.02261   0.01506 0.0007916   0.03846       150       640     0.843    0.8319    0.8505    0.4638   0.04417   0.03238   0.01244
    67/119     13.9G   0.02242   0.01481 0.0008491   0.03808       199       640    0.8658    0.8224    0.8492    0.4601   0.04382   0.03216   0.01247
    68/119     13.9G   0.02311   0.01578 0.0009035   0.03979       144       640    0.8724    0.8003     0.847    0.4481    0.0448   0.03296   0.01277
    69/119     13.9G   0.02279    0.0155 0.0008865   0.03918       236       640    0.8993    0.8116    0.8628    0.4712   0.04437     0.032   0.01284
    70/119     13.9G   0.02194   0.01445 0.0007299   0.03712       175       640    0.9257    0.7729    0.8494    0.4602   0.04423   0.03231   0.01242
    71/119     13.9G   0.02252   0.01457    0.0009   0.03799       134       640    0.9024    0.8103    0.8527    0.4603   0.04398   0.03235   0.01268
    72/119     13.9G   0.02222   0.01515 0.0007624   0.03814       100       640    0.8741    0.8128    0.8419    0.4617   0.04416   0.03248   0.01289
    73/119     13.9G   0.02224     0.016 0.0007971   0.03904       279       640    0.9064    0.7793    0.8415    0.4559   0.04469   0.03147   0.01305
    74/119     13.9G   0.02203   0.01444  0.000827   0.03729       229       640    0.8862    0.7843    0.8488      0.46   0.04455   0.03235   0.01272
    75/119     13.9G   0.02176   0.01432 0.0007766   0.03686       191       640    0.8712    0.8099    0.8486    0.4642   0.04382   0.03288    0.0127
    76/119     13.9G   0.02232   0.01439 0.0008702   0.03758       240       640    0.8999    0.8201    0.8652    0.4744   0.04292   0.03222   0.01285
    77/119     13.9G   0.02148   0.01434 0.0008183   0.03664       189       640    0.8904    0.8177    0.8537    0.4623   0.04431   0.03301    0.0128
    78/119     13.9G   0.02172   0.01455 0.0007616   0.03703       168       640    0.9154    0.8132    0.8664    0.4751   0.04371   0.03289   0.01264
    79/119     13.9G   0.02172    0.0146 0.0008125   0.03713       194       640    0.9006    0.8077    0.8559    0.4594   0.04408   0.03257   0.01288
    80/119     13.9G   0.02196   0.01476  0.000797   0.03751       244       640    0.8887    0.8109    0.8541    0.4704   0.04377   0.03262   0.01269
    81/119     13.9G    0.0214   0.01478 0.0008038   0.03698       202       640    0.8693    0.8271    0.8635    0.4761   0.04357   0.03226   0.01272
    82/119     13.9G   0.02122   0.01433 0.0006916   0.03624       243       640    0.8781    0.8121    0.8505     0.463   0.04359   0.03273    0.0127
    83/119     13.9G   0.02119   0.01393 0.0007407   0.03586       207       640     0.872    0.8145    0.8494    0.4576    0.0444   0.03364   0.01314
    84/119     13.9G   0.02122   0.01409 0.0007699   0.03608       220       640    0.8807     0.814    0.8519    0.4663   0.04404   0.03297   0.01298
    85/119     13.9G   0.02056   0.01432  0.000673   0.03555       150       640    0.9127    0.7951    0.8503    0.4759   0.04376   0.03306   0.01272
    86/119     13.9G   0.02097   0.01412 0.0007006   0.03579       236       640    0.8951    0.8156    0.8528    0.4724   0.04412   0.03282   0.01291
    87/119     13.9G   0.02099   0.01409 0.0007243   0.03581       171       640    0.8961    0.8133    0.8482    0.4662   0.04406   0.03328   0.01278
    88/119     13.9G   0.02074   0.01376 0.0006924   0.03519       139       640    0.9029     0.823    0.8597    0.4716   0.04387   0.03343   0.01302
    89/119     13.9G   0.02065   0.01352 0.0007623   0.03493       209       640    0.8779    0.8191    0.8421    0.4638   0.04359   0.03344   0.01299
    90/119     13.9G   0.02054   0.01432 0.0007417    0.0356       183       640    0.8863    0.8234    0.8483    0.4637   0.04393    0.0343   0.01302
    91/119     13.9G   0.02049    0.0135 0.0006912   0.03468       172       640    0.8945    0.8355    0.8635    0.4654   0.04424   0.03447   0.01276
    92/119     13.9G   0.02076   0.01422 0.0007501   0.03573       132       640    0.8564    0.8182    0.8415    0.4623    0.0443   0.03419   0.01275
    93/119     13.9G   0.02059     0.014 0.0007823   0.03536       202       640    0.8893     0.819    0.8524    0.4706   0.04401   0.03386   0.01289
    94/119     13.9G    0.0205   0.01395 0.0008098   0.03526       182       640     0.913     0.797    0.8552    0.4715   0.04418   0.03373   0.01284
    95/119     13.9G   0.02052   0.01337  0.000747   0.03464       165       640    0.8973     0.837    0.8609    0.4667   0.04415    0.0336   0.01287
    96/119     13.9G    0.0208   0.01469 0.0007102    0.0362       239       640    0.9154    0.8041    0.8538    0.4654   0.04413   0.03392   0.01285
    97/119     13.9G   0.02042   0.01444 0.0007085   0.03557       149       640    0.9089    0.8151    0.8498    0.4657   0.04415   0.03402   0.01291
    98/119     13.9G   0.02025   0.01378 0.0007358   0.03477       177       640      0.91    0.7935    0.8398    0.4597   0.04403   0.03462   0.01275
    99/119     13.9G   0.02024   0.01377 0.0006533   0.03466       145       640    0.8961    0.8126    0.8568    0.4589   0.04434   0.03465   0.01305
   100/119     13.9G   0.02002   0.01365 0.0006416   0.03431       174       640    0.9065    0.8232    0.8559    0.4684    0.0442    0.0342   0.01296
   101/119     13.9G   0.01982     0.014 0.0007203   0.03453       178       640    0.8962    0.8197    0.8516    0.4698   0.04367    0.0341   0.01288
   102/119     13.9G   0.01994    0.0142 0.0006957   0.03483       262       640    0.8816    0.8091    0.8442    0.4658   0.04412   0.03428   0.01335
   103/119     13.9G   0.01955   0.01397 0.0006278   0.03415       221       640    0.9029    0.8072    0.8477    0.4631   0.04409    0.0346   0.01346
   104/119     13.9G   0.02022   0.01374 0.0007509   0.03471       178       640    0.8834    0.8125    0.8493    0.4666    0.0441   0.03434   0.01321
   105/119     13.9G   0.01985   0.01357 0.0006916   0.03411       151       640    0.9098     0.811    0.8604    0.4657   0.04397   0.03401   0.01299
   106/119     13.9G   0.01937    0.0131 0.0005804   0.03304       121       640    0.9089     0.816    0.8586    0.4641   0.04427   0.03451   0.01313
   107/119     13.9G   0.01973    0.0128 0.0006746   0.03321       177       640    0.9142    0.8225    0.8572    0.4681   0.04419   0.03519   0.01282
   108/119     13.9G   0.01939   0.01351 0.0006725   0.03357       152       640    0.8908    0.8288    0.8533    0.4611   0.04441   0.03484   0.01305
   109/119     13.9G   0.01939   0.01366 0.0006607    0.0337       161       640    0.8846    0.8247    0.8456    0.4679   0.04364   0.03513   0.01306
   110/119     13.9G   0.01962   0.01331 0.0006262   0.03356       179       640    0.9123    0.8057    0.8479    0.4667   0.04361   0.03524   0.01299
   111/119     13.9G   0.01972   0.01332 0.0006955   0.03374       260       640    0.9195      0.81    0.8534    0.4631   0.04375   0.03583    0.0128
   112/119     13.9G   0.01913   0.01318 0.0005954    0.0329       188       640     0.905    0.8178    0.8509    0.4662   0.04366   0.03563   0.01286
   113/119     13.9G    0.0196   0.01403 0.0006964   0.03433       212       640    0.9121    0.8088     0.845    0.4617   0.04344   0.03576   0.01289
   114/119     13.9G   0.01941   0.01364 0.0007016   0.03375       223       640    0.9125    0.7957     0.837    0.4661    0.0435   0.03531   0.01315
   115/119     13.9G   0.01936   0.01355 0.0007407   0.03365       195       640     0.907    0.7924    0.8348    0.4655   0.04365   0.03558    0.0131
   116/119     13.9G    0.0194   0.01261 0.0006633   0.03268       145       640    0.9152    0.7972     0.842    0.4621   0.04366   0.03574   0.01308
   117/119     13.9G     0.019   0.01363  0.000679    0.0333       207       640    0.9173    0.7991     0.843    0.4642   0.04384   0.03579   0.01307
   118/119     13.9G   0.01893   0.01321 0.0006244   0.03276       255       640    0.9131       0.8    0.8439    0.4671   0.04355   0.03553   0.01307
   119/119     13.9G   0.01879   0.01338 0.0005702   0.03274       179       640    0.9114    0.7932    0.8382    0.4651   0.04359   0.03578   0.01337
